161l.png 425 424 618 521
161r.png 400 425 594 521
162l.png 610 301 804 399
162r.png 586 302 778 398
163l.png 692 322 731 464
163r.png 671 323 699 465
164l.png 501 426 598 522
164r.png 484 424 574 522
165l.png 547 509 682 570
165r.png 530 511 661 571
166l.png 602 354 626 496
166r.png 556 341 600 496
167l.png 483 386 692 491
167r.png 456 386 666 491
168l.png 484 712 693 832
168r.png 455 713 667 834
169l.png 429 325 612 507
169r.png 407 336 589 505
170l.png 278 415 566 638
170r.png 242 415 431 640
171l.png 432 140 793 488
171r.png 404 468 763 487
172l.png 340 291 761 677
172r.png 272 293 735 677
173l.png 366 260 624 717
173r.png 283 260 602 717
174l.png 308 348 737 604
174r.png 261 349 709 614
175l.png 142 341 582 662
175r.png 106 342 560 624
176l.png 373 470 507 546
176r.png 339 430 497 546
177l.png 502 512 639 505
177r.png 465 512 607 586
178l.png 593 556 906 792
178r.png 485 556 825 791
179l.png 542 531 760 658
179r.png 487 530 698 658
180l.png 658 510 779 595
180r.png 627 510 739 595
