181l.png 443 293 762 513
181r.png 326 293 700 522
182l.png 285 153 812 572
182r.png 83 158 731 572
183l.png 731 293 942 531
183r.png 609 288 888 522
184l.png 686 365 843 509
184r.png 623 369 794 504
185l.png 834 365 960 504
185r.png 776 365 911 495
186l.png 744 419 825 495
186r.png 713 423 798 500
187l.png 578 419 690 500
187r.png 546 423 663 500
188l.png 416 423 560 495
188r.png 380 419 528 500
189l.png 416 419 555 495
189r.png 380 419 528 500
190l.png 443 284 771 531
190r.png 321 288 704 531
191l.png 528 522 731 644
191r.png 465 531 690 648
192l.png 578 576 704 644
192r.png 546 576 672 653
193l.png 578 495 699 572
193r.png 542 500 668 581
194l.png 573 644 699 734
194r.png 542 648 668 734
195l.png 416 500 564 576
195r.png 375 495 534 576
196l.png 371 378 785 563
196r.png 344 383 771 558
197l.png 168 311 834 608
197r.png 113 306 806 599
198l.png 425 392 771 549
198r.png 398 396 758 554
199l.png 231 311 852 617
199r.png 182 315 834 594
200l.png 236 446 866 729
200r.png 192 444 840 744
