1l.png 649 171 720 397
1r.png 629 172 679 388
2l.png 653 615 723 874
2r.png 624 616 684 879
3l.png 763 548 851 672
3r.png 746 547 826 668
4l.png 661 663 720 787
4r.png 646 665 692 790
5l.png 633 605 687 708
5r.png 621 604 669 709
6l.png 715 356 852 502
6r.png 692 358 822 503
7l.png 755 131 956 354
7r.png 724 133 910 349 
8l.png 440 635 613 676 
8r.png 414 630 596 683
9l.png 261 34 706 331 
9r.png 195 34 667 328 
10l.png 0 0 1142 518
10r.png 0 0 1015 522
11l.png 400 187 1083 721 
11r.png 401 192 1098 715
12l.png 636 420 760 519
12r.png 630 420 746 519
13l.png 619 415 737 514
13r.png 604 416 727 515
14l.png 589 335 714 445
14r.png 569 335 703 447
15l.png 581 193 959 491
15r.png 538 190 908 492
16l.png 322 429 697 463
16r.png 298 435 681 467
17l.png 494 441 891 482 
17r.png 476 436 867 478
18l.png 656 487 872 508 
18r.png 648 448 865 513
19l.png 679 489 975 518
19r.png 666 491 958 525
20l.png 559 584 1229 655
20r.png 536 578 1186 651
