121r.png 452 339 761 500
121l.png 491 342 801 500
122r.png 299 342 611 501
122l.png 299 339 608 504
123r.png 639 338 956 501
123l.png 684 342 993 500
124r.png 425 171 861 509
124l.png 519 171 905 506
125r.png 519 350 740 680
125l.png 596 390 768 684
126r.png 525 411 689 507
126l.png 563 410 731 509
127r.png 377 335 740 527
127l.png 464 336 828 530
128r.png 392 390 563 521
128l.png 440 387 633 519
129r.png 485 590 556 701
129l.png 524 591 710 707
130r.png 579 597 705 693
130l.png 609 600 738 696
131r.png 479 434 845 752
131l.png 497 429 884 759
132r.png 558 435 818 623
132l.png 576 438 842 617
133r.png 606 513 996 857
133l.png 626 519 1038 858
134r.png 636 533 1103 813
134l.png 644 537 1136 813
135r.png 474 510 692 612
135l.png 483 513 704 611
136r.png 507 509 701 624
136l.png 516 503 710 621
137r.png 470 521 836 756
137l.png 492 527 867 752
138r.png 201 531 701 782
138l.png 252 552 698 744
139r.png 506 462 890 843
139l.png 524 458 914 840
140r.png 521 345 921 569
140l.png 534 342 945 579
141r.png 479 321 800 555
141l.png 507 314 831 573
142r.png 264 359 639 590
142l.png 297 336 686 582
143r.png 225 330 608 600
143l.png 255 327 641 599
144r.png 557 441 768 615
144l.png 572 452 788 636
145r.png 329 374 596 614
145l.png 324 371 614 596
146r.png 248 146 672 669
146l.png 300 159 704 597
147r.png 321 402 693 621
147l.png 362 402 731 605
148r.png 467 428 771 582
148l.png 506 422 812 585
149r.png 495 386 1041 677
149l.png 539 377 1122 681
150r.png 233 351 947 755
150l.png 302 348 1034 752
151r.png 620 500 909 659
151l.png 668 501 962 656
152r.png 540 503 800 639
152l.png 591 500 854 659
153r.png 429 407 831 744
153l.png 518 497 903 765
154r.png 567 408 1034 837
154l.png 614 413 1164 810
155r.png 663 428 962 672
155l.png 704 426 1050 659
156r.png 420 414 713 614
156l.png 486 402 767 596
157r.png 6 416 431 602
157l.png 60 413 477 608
158r.png 72 335 525 560
158l.png 147 320 545 533
159r.png 440 383 683 513
159l.png 488 381 731 524
160r.png 419 239 689 411
160l.png 467 231 744 420
