201l.png 488 171 783 293
201r.png 486 171 785 306
202l.png 635 244 654 509
202r.png 575 267 621 492
203l.png 327 222 413 497
203r.png 332 222 414 492
204l.png 789 240 821 492
204r.png 792 225 822 492
205l.png 842 597 902 797
205r.png 795 507 818 729
206l.png 341 300 747 645
206r.png 236 294 705 647
207l.png 261 275 632 563
207r.png 267 279 632 567
208l.png 716 164 1047 294
208r.png 671 162 998 290
209l.png 678 353 995 501
209r.png 680 351 999 498
210l.png 720 342 996 480
210r.png 683 348 966 492
211l.png 636 341 948 335
211r.png 593 338 911 336
212l.png 792 384 965 638
212r.png 749 387 929 635
213l.png 717 545 1094 732
213r.png 672 557 1053 735
214l.png 674 567 927 896
214r.png 638 566 891 899
215l.png 729 522 1167 497
215r.png 692 525 1107 501
216l.png 582 224 942 231
216r.png 539 218 899 234
217l.png 557 264 893 239
217r.png 555 272 897 240
218l.png 783 393 996 675
218r.png 750 387 935 674
219l.png 716 351 1034 509
219r.png 677 356 996 494
220l.png 618 354 878 491
220r.png 581 356 842 492 