0.png 649 171 720 397
1.png 401 192 1098 715
2.png 633 605 687 708
3.png 536 578 1186 651
4.png 653 615 723 874
5.png 322 429 697 463
6.png 619 415 737 514
7.png 604 416 727 515
8.png 724 133 910 349
9.png 538 190 908 492
10.png 666 491 958 525
11.png 581 193 959 491
12.png 400 187 1083 721
13.png 624 616 684 879
14.png 763 548 851 672
15.png 621 604 669 709
16.png 715 356 852 502
17.png 661 663 720 787
18.png 629 172 679 388
19.png 298 435 681 467
20.png 630 420 746 519
21.png 636 420 760 519
22.png 589 335 714 445
23.png 476 436 867 478
24.png 648 448 865 513
25.png 569 335 703 447
26.png 679 489 975 518
27.png 440 635 613 676
28.png 414 630 596 683
29.png 0 0 1015 522
30.png 755 131 956 354
31.png 494 441 891 482
32.png 692 358 822 503
33.png 646 665 692 790
34.png 261 34 706 331
35.png 0 0 1142 518
36.png 656 487 872 508
37.png 559 584 1229 655
38.png 195 34 667 328
39.png 746 547 826 668
